0 default 0.052931000000000006
0 8000 0.044547500000000004
0 16000 0.0943905
1 8000 0.1272035
1 16000 0.0563235
1 default 0.07733699999999999
2 16000 0.044567499999999996
2 default 0.0496205
2 8000 0.154916
3 default 0.07151099999999999
3 8000 0.144028
3 16000 0.0501235
default 0.062221 [0.052931000000000006, 0.07733699999999999, 0.0496205, 0.07151099999999999]
8000 0.13561574999999998 [0.044547500000000004, 0.1272035, 0.154916, 0.144028]
16000 0.0532235 [0.0943905, 0.0563235, 0.044567499999999996, 0.0501235]
